64 00 64 00 01 00 00 00
65 00 65 00 01 00 00 00
66 00 66 00 01 00 00 00
68 00 0b 00 01 00 00 00
6a 00 6a 00 01 00 00 00
6c 00 6d 00 01 00 00 00
6d 00 6d 00 01 00 00 00
6e 00 6f 00 01 00 00 00
6f 00 6f 00 01 00 00 00
70 00 70 00 01 00 00 00
71 00 71 00 01 00 00 00
72 00 72 00 01 00 00 00
73 00 73 00 01 00 00 00
74 00 66 00 01 00 00 00
77 00 77 00 01 00 00 00
c6 00 c6 00 01 00 00 00
92 00 92 00 01 00 00 00
98 00 02 00 0a 00 00 00
99 00 02 00 0a 00 00 00
9a 00 02 00 0a 00 00 00
9b 00 01 00 01 00 00 00
9c 00 0c 00 0a 00 00 00
ac 00 02 00 0a 00 00 00
b2 00 b2 00 01 00 00 00
b3 00 b3 00 01 00 00 00
b4 00 b4 00 01 00 00 00
b5 00 b5 00 01 00 00 00
b6 00 b6 00 01 00 00 00
b7 00 b7 00 01 00 00 00
b8 00 0c 00 0a 00 00 00
b9 00 b9 00 01 00 00 00
ba 00 ba 00 01 00 00 00
bb 00 bb 00 01 00 00 00
bc 00 bc 00 01 00 00 00
bd 00 bd 00 01 00 00 00
be 00 be 00 01 00 00 00
c3 00 70 00 01 00 00 00
c4 00 71 00 01 00 00 00
c5 00 72 00 01 00 00 00
d0 00 d0 00 01 00 00 00
e7 00 e7 00 01 00 00 00
e8 00 e7 00 01 00 00 00
e9 00 e9 00 01 00 00 00
f1 00 6d 00 01 00 00 00
fc 00 fc 00 01 00 00 02
4e 02 4e 00 01 00 00 02
4f 02 4f 00 01 00 00 02
50 02 50 00 01 00 00 02
65 02 65 00 01 00 00 02
66 02 66 00 01 00 00 02
67 02 67 00 01 00 00 02
68 02 68 00 01 00 00 02
63 02 63 00 01 00 00 02
64 02 64 00 01 00 00 02
51 02 51 00 01 00 00 02
52 02 52 00 01 00 00 02
53 02 53 00 01 00 00 02
54 02 54 00 01 00 00 02
55 02 55 00 01 00 00 02
56 02 56 00 01 00 00 02
57 02 57 00 01 00 00 02
58 02 58 00 01 00 00 02
59 02 59 00 01 00 00 02
5a 02 5a 00 01 00 00 02
5b 02 5b 00 01 00 00 02
5c 02 5c 00 01 00 00 02
5d 02 5d 00 01 00 00 02
6e 02 6e 00 01 00 00 02
6f 02 6f 00 01 00 00 02
70 02 70 00 01 00 00 02
71 02 71 00 01 00 00 02
72 02 72 00 01 00 00 02
73 02 73 00 01 00 00 02
74 02 74 00 01 00 00 02
75 02 75 00 01 00 00 02
76 02 76 00 01 00 00 02
77 02 77 00 01 00 00 02
78 02 78 00 01 00 00 02
7d 02 7d 00 01 00 00 02
7e 02 7e 00 01 00 00 02
7c 02 7c 00 01 00 00 02
7f 02 7f 00 01 00 00 02
97 02 97 00 01 00 00 02
80 02 80 00 01 00 00 02
8c 02 8c 00 01 00 00 02
86 02 86 00 01 00 00 02
87 02 87 00 01 00 00 00
7f 00 7f 00 01 00 00 00
00 03 76 01 01 01 06 02
01 01 01 01 05 00 01 06
73 79 73 74 65 6d 01 0d
0d 41 55 54 48 5f 54 45
52 4d 49 4e 41 4c 01 07
07 75 6e 6b 6e 6f 77 6e
00 01 0f 0f 41 55 54 48
5f 50 52 4f 47 52 41 4d
5f 4e 4d 01 04 04 6e 6f
64 65 00 01 0c 0c 41 55
54 48 5f 4d 41 43 48 49
4e 45 01 13 13 6d 61 63
6d 69 6e 69 2e 62 69 62
69 61 6e 6f 2e 6c 61 6e
00 01 08 08 41 55 54 48
5f 50 49 44 01 05 05 33
35 35 36 38 00 01 08 08
41 55 54 48 5f 53 49 44
01 08 08 61 62 69 62 69
61 6e 6f 00            
